  -1.4000000e+01  -1.4000000e+01   1.0267544e-01   9.8103044e-02
  -1.4000000e+01  -1.0000000e+01   1.2216583e-01   1.2560122e-01
  -1.4000000e+01  -6.0000000e+00   1.5992579e-01   1.4312508e-01
  -1.4000000e+01  -2.0000000e+00   1.0538609e-01   1.0412404e-01
  -1.4000000e+01   2.0000000e+00  -9.0329349e-02   8.4745410e-02
  -1.4000000e+01   6.0000000e+00  -1.6859749e-01   1.2101283e-01
  -1.4000000e+01   1.0000000e+01  -1.3751779e-01   1.2268329e-01
  -1.4000000e+01   1.4000000e+01  -1.1197462e-01   1.0740974e-01
  -1.0000000e+01  -1.4000000e+01   1.1985348e-01   1.3127687e-01
  -1.0000000e+01  -1.0000000e+01   1.5775949e-01   1.7551618e-01
  -1.0000000e+01  -6.0000000e+00   2.6551886e-01   2.2820721e-01
  -1.0000000e+01  -2.0000000e+00   2.3551549e-01   2.0717222e-01
  -1.0000000e+01   2.0000000e+00  -2.3965919e-01   2.0120479e-01
  -1.0000000e+01   6.0000000e+00  -2.4083322e-01   2.4319394e-01
  -1.0000000e+01   1.0000000e+01  -1.8900438e-01   1.4478724e-01
  -1.0000000e+01   1.4000000e+01  -1.0291584e-01   1.1480403e-01
  -6.0000000e+00  -1.4000000e+01   1.2349095e-01   1.2613253e-01
  -6.0000000e+00  -1.0000000e+01   1.8603149e-01   1.9245020e-01
  -6.0000000e+00  -6.0000000e+00   3.1962109e-01   3.0232510e-01
  -6.0000000e+00  -2.0000000e+00   5.2383658e-01   3.5033762e-01
  -6.0000000e+00   2.0000000e+00  -5.1677028e-01   3.6995360e-01
  -6.0000000e+00   6.0000000e+00  -3.2618421e-01   2.8649624e-01
  -6.0000000e+00   1.0000000e+01  -1.6975412e-01   1.8726138e-01
  -6.0000000e+00   1.4000000e+01  -1.0865753e-01   1.0244520e-01
  -2.0000000e+00  -1.4000000e+01   6.8541225e-02   4.9693858e-02
  -2.0000000e+00  -1.0000000e+01   1.6719318e-01   1.0044624e-01
  -2.0000000e+00  -6.0000000e+00   3.5086546e-01   1.6394840e-01
  -2.0000000e+00  -2.0000000e+00   8.5936302e-01   2.2508419e-01
  -2.0000000e+00   2.0000000e+00  -8.4614586e-01   2.1810048e-01
  -2.0000000e+00   6.0000000e+00  -3.4218611e-01   1.8458130e-01
  -2.0000000e+00   1.0000000e+01  -1.4887202e-01   1.0030644e-01
  -2.0000000e+00   1.4000000e+01  -1.2005681e-01   6.1567226e-02
   2.0000000e+00  -1.4000000e+01   7.1604501e-02  -3.5934216e-02
   2.0000000e+00  -1.0000000e+01   1.4993720e-01  -5.8929273e-02
   2.0000000e+00  -6.0000000e+00   3.4459335e-01  -1.2150803e-01
   2.0000000e+00  -2.0000000e+00   8.9190849e-01  -1.5397065e-01
   2.0000000e+00   2.0000000e+00  -8.9135860e-01  -1.2548677e-01
   2.0000000e+00   6.0000000e+00  -3.4142214e-01  -1.0921806e-01
   2.0000000e+00   1.0000000e+01  -1.7356234e-01  -4.2870877e-02
   2.0000000e+00   1.4000000e+01  -8.9883949e-02  -2.4884309e-02
   6.0000000e+00  -1.4000000e+01   8.5364457e-02  -9.7375506e-02
   6.0000000e+00  -1.0000000e+01   1.8295030e-01  -1.6899880e-01
   6.0000000e+00  -6.0000000e+00   3.3236989e-01  -2.9437576e-01
   6.0000000e+00  -2.0000000e+00   6.0635299e-01  -3.3791336e-01
   6.0000000e+00   2.0000000e+00  -6.0932863e-01  -3.4248983e-01
   6.0000000e+00   6.0000000e+00  -3.2270143e-01  -2.8512517e-01
   6.0000000e+00   1.0000000e+01  -1.8946403e-01  -1.7313588e-01
   6.0000000e+00   1.4000000e+01  -1.1645708e-01  -1.0196756e-01
   1.0000000e+01  -1.4000000e+01   1.0612722e-01  -1.2450948e-01
   1.0000000e+01  -1.0000000e+01   1.7639250e-01  -1.7421243e-01
   1.0000000e+01  -6.0000000e+00   2.6881505e-01  -2.6181806e-01
   1.0000000e+01  -2.0000000e+00   3.1322356e-01  -2.7945179e-01
   1.0000000e+01   2.0000000e+00  -3.0933780e-01  -2.4882497e-01
   1.0000000e+01   6.0000000e+00  -2.7537373e-01  -2.5960430e-01
   1.0000000e+01   1.0000000e+01  -1.7145483e-01  -1.7074711e-01
   1.0000000e+01   1.4000000e+01  -1.0919524e-01  -1.2114986e-01
   1.4000000e+01  -1.4000000e+01   8.5155868e-02  -1.0795369e-01
   1.4000000e+01  -1.0000000e+01   1.3006349e-01  -1.5941779e-01
   1.4000000e+01  -6.0000000e+00   1.7111587e-01  -1.5100295e-01
   1.4000000e+01  -2.0000000e+00   1.1155291e-01  -1.0801707e-01
   1.4000000e+01   2.0000000e+00  -1.1842916e-01  -1.0245951e-01
   1.4000000e+01   6.0000000e+00  -1.8009638e-01  -1.3829078e-01
   1.4000000e+01   1.0000000e+01  -1.4390900e-01  -1.4197258e-01
   1.4000000e+01   1.4000000e+01  -1.0395491e-01  -1.1144094e-01
